{
  "status": "Every reported H5 success and fixed-tuple obstruction is exact. Continuous and random search failures are not a global H5 lower bound.",
  "parameters": {
    "continuous_seeds": 3,
    "restarts_per_orientation_type": 96,
    "max_iterations": 1600,
    "random_fixed_trials": 0,
    "seed": 65320260714,
    "fixed_lp_tested_for_every_continuous_restart": true,
    "exact_fixed_obstructions": false,
    "orientation_types_up_to_head_permutation": [
      2,
      3,
      1,
      4,
      0,
      5
    ]
  },
  "known_certificate_self_check": {
    "endpoint_margin": 11464,
    "adjacent_margin": 13400
  },
  "candidates": {
    "0x03": {
      "flip_weight": 2,
      "threshold_degree": 5,
      "continuous_attempts": [
        {
          "seed_index": 0,
          "positive_heads": 2,
          "best": {
            "positive_heads": 2,
            "orientations": [
              -1,
              -1,
              -1,
              1,
              1
            ],
            "restart": 88,
            "accuracy": 58,
            "minimum_signed_smooth_score": -1.4226962535555039,
            "literal_weights": [
              [
                1.5234066370449096e-07,
                0.0021995554215693113,
                0.23460260229172553,
                0.19240337798294974,
                0.1885671766677907,
                0.1873449950610449,
                0.19488214023425635
              ],
              [
                5.054526971843661e-11,
                0.0010409209669158899,
                0.9223713843207081,
                0.02087901149265492,
                0.011712383697882535,
                0.022515025111749624,
                0.021481274359543577
              ],
              [
                0.00033888870510473667,
                0.999653075852249,
                2.590867845829138e-09,
                1.9703650102283552e-10,
                8.030046644454445e-06,
                1.3404480903050938e-09,
                1.2676493368414446e-09
              ],
              [
                1.625726732564245e-06,
                4.544022664851028e-06,
                5.18366568561958e-06,
                0.17918270664216043,
                0.5209445248248955,
                0.1387183610796068,
                0.16114305403825427
              ],
              [
                1.1613130254316814e-07,
                0.00016900106718336906,
                0.30796378695220905,
                0.1893697815249113,
                0.16054957287881075,
                0.16804360112715208,
                0.17390414031843093
              ]
            ],
            "wrong_vertices": [
              12,
              28,
              40,
              44,
              56,
              60
            ],
            "orthant_initial_margin": null
          }
        },
        {
          "seed_index": 0,
          "positive_heads": 3,
          "best": {
            "positive_heads": 3,
            "orientations": [
              -1,
              -1,
              1,
              1,
              1
            ],
            "restart": 95,
            "accuracy": 52,
            "minimum_signed_smooth_score": -0.7417603361254468,
            "literal_weights": [
              [
                5.244877271826406e-06,
                0.9690880970090038,
                0.015138554404116947,
                0.011529868022136298,
                0.0018403358007549643,
                0.0023807727067146588,
                1.7127180001679896e-05
              ],
              [
                8.386637081498557e-05,
                0.00021328618587204153,
                0.8081205161676205,
                0.09442562354211836,
                0.003634597712125006,
                0.0002479952514289564,
                0.09327411477002039
              ],
              [
                1.1942501844373093e-05,
                0.00010817809582811189,
                0.0002738694346647897,
                0.007467611228169266,
                0.02333936055884611,
                0.9611681850490721,
                0.007630853131575275
              ],
              [
                0.0015229203969687082,
                0.00017088044118624833,
                0.00013385019424245047,
                0.001079810793963077,
                0.006255636258037622,
                0.9860302094158366,
                0.004806692499765151
              ],
              [
                0.0001845475220259092,
                0.009296929514592196,
                0.025187510958840486,
                0.002475084784545625,
                0.011861089034800893,
                0.9431169225271155,
                0.007877915658079259
              ]
            ],
            "wrong_vertices": [
              16,
              19,
              20,
              25,
              26,
              27,
              29,
              48,
              49,
              50,
              56,
              60
            ],
            "orthant_initial_margin": null
          }
        },
        {
          "seed_index": 0,
          "positive_heads": 1,
          "best": {
            "positive_heads": 1,
            "orientations": [
              -1,
              -1,
              -1,
              -1,
              1
            ],
            "restart": 39,
            "accuracy": 50,
            "minimum_signed_smooth_score": -0.14868845037415968,
            "literal_weights": [
              [
                3.113398160556587e-07,
                7.982846937576758e-06,
                0.9999037564941047,
                3.273225139531692e-05,
                4.5100813414806745e-06,
                2.621144417813651e-05,
                2.4495542226645174e-05
              ],
              [
                1.868603882591743e-06,
                2.4607302429205374e-06,
                3.189536113275071e-05,
                0.3837282384517707,
                0.2501588236178083,
                0.22050726798062098,
                0.1455694452545419
              ],
              [
                4.688486903230475e-07,
                2.03827365825754e-05,
                0.9999186459942304,
                2.32232018817864e-05,
                1.9566268937885945e-06,
                1.857328827038274e-05,
                1.6749303450481778e-05
              ],
              [
                3.73469506541149e-05,
                9.264567252274252e-05,
                0.9998580272247828,
                4.587532967918763e-06,
                2.196344561518405e-06,
                5.123111999424451e-06,
                7.316251138415737e-08
              ],
              [
                0.9949189772406712,
                0.00019870314338350204,
                0.0018892221530682968,
                0.0003904832756009107,
                0.0013739711750952097,
                0.0003370763053704714,
                0.00089156670681033
              ]
            ],
            "wrong_vertices": [
              0,
              1,
              12,
              13,
              20,
              21,
              24,
              25,
              36,
              37,
              40,
              41,
              48,
              49
            ],
            "orthant_initial_margin": null
          }
        },
        {
          "seed_index": 0,
          "positive_heads": 4,
          "best": {
            "positive_heads": 4,
            "orientations": [
              -1,
              1,
              1,
              1,
              1
            ],
            "restart": 43,
            "accuracy": 55,
            "minimum_signed_smooth_score": -2.712815204467835,
            "literal_weights": [
              [
                0.054831071234027196,
                0.4276106382916669,
                0.5167732831762057,
                0.00010576895873274991,
                5.055724876542843e-06,
                0.0006129661057333611,
                6.121650875738399e-05
              ],
              [
                0.8528554819554276,
                0.0004553628995573757,
                4.1935382124857e-05,
                0.06373247844814679,
                0.03321801062566221,
                0.00014560412832336964,
                0.0495511265607576
              ],
              [
                8.001484327821514e-05,
                0.0001352663103623603,
                3.812308272018878e-05,
                0.0025798678916412136,
                0.0026223917382705905,
                0.9919204681683969,
                0.0026238679653306568
              ],
              [
                2.3745181325774203e-06,
                0.00042740073115210623,
                0.002776464097322293,
                0.7681187697813174,
                0.11209513411314495,
                0.0021628779924148973,
                0.11441697876651571
              ],
              [
                6.5102912535130365e-06,
                0.9926862020958566,
                0.00010022937582850996,
                0.002376916283089685,
                0.002414318572825514,
                5.533362291783854e-08,
                0.002415768047523219
              ]
            ],
            "wrong_vertices": [
              44,
              45,
              46,
              47,
              58,
              60,
              61,
              62,
              63
            ],
            "orthant_initial_margin": null
          }
        },
        {
          "seed_index": 0,
          "positive_heads": 0,
          "best": {
            "positive_heads": 0,
            "orientations": [
              -1,
              -1,
              -1,
              -1,
              -1
            ],
            "restart": 19,
            "accuracy": 56,
            "minimum_signed_smooth_score": -2.506910863416556,
            "literal_weights": [
              [
                9.46916501181193e-05,
                0.263870527321322,
                4.219762032738336e-05,
                0.15440247723043535,
                0.00013169368985371162,
                0.1541396658945148,
                0.42731874659342867
              ],
              [
                0.01639938387291921,
                0.040702114535638864,
                0.0008824286967400275,
                0.03418513882231482,
                0.17435207831769212,
                0.033881660111654346,
                0.6995971956430406
              ],
              [
                0.011427062548020636,
                0.00012783847719338072,
                0.9841986583909708,
                0.0004198620641116542,
                0.0035301378185376227,
                0.00011960199091165635,
                0.00017683871025441937
              ],
              [
                1.3948785167093356e-05,
                0.3707598371906253,
                0.0011959726690471133,
                0.27056960224174015,
                2.1898433707952442e-05,
                0.28614968511195676,
                0.07128905556775555
              ],
              [
                2.1800919145312326e-05,
                0.01860899480275766,
                0.01310977789926231,
                0.016069093923099118,
                0.936234309622038,
                0.015928934351102528,
                2.7088482595109354e-05
              ]
            ],
            "wrong_vertices": [
              0,
              2,
              6,
              8,
              18,
              22,
              32,
              34
            ],
            "orthant_initial_margin": null
          }
        },
        {
          "seed_index": 0,
          "positive_heads": 5,
          "best": {
            "positive_heads": 5,
            "orientations": [
              1,
              1,
              1,
              1,
              1
            ],
            "restart": 5,
            "accuracy": 53,
            "minimum_signed_smooth_score": -1.9943212346721233,
            "literal_weights": [
              [
                0.0003641542588961869,
                0.9729875645151346,
                9.467993338609333e-05,
                0.010843091534128086,
                0.010735665730793853,
                0.0049731151096825115,
                1.728917978678171e-06
              ],
              [
                0.006660334368350301,
                0.001202125682021314,
                0.6204772381983182,
                0.1265061981749322,
                0.1286424500228617,
                0.10994279656158698,
                0.006568856991929203
              ],
              [
                3.4877805834968136e-05,
                6.046404055306477e-05,
                1.0892466351932157e-05,
                0.31814565101586245,
                0.30903123500004176,
                0.34683606444240994,
                0.02588081522894586
              ],
              [
                0.0038871215478781997,
                0.0041624322068193245,
                0.014685243813300896,
                0.007214712611440613,
                0.006960330875792015,
                0.0002869896182349639,
                0.9628031693265339
              ],
              [
                1.4405014248874233e-07,
                0.9849481507186355,
                4.9547374182298744e-05,
                0.00604207900698596,
                0.005981360989431597,
                0.0027724147108871694,
                0.0002063031497352258
              ]
            ],
            "wrong_vertices": [
              28,
              29,
              30,
              31,
              45,
              55,
              59,
              60,
              61,
              62,
              63
            ],
            "orthant_initial_margin": null
          }
        },
        {
          "seed_index": 1,
          "positive_heads": 2,
          "best": {
            "positive_heads": 2,
            "orientations": [
              -1,
              -1,
              -1,
              1,
              1
            ],
            "restart": 39,
            "accuracy": 55,
            "minimum_signed_smooth_score": -1.0722951742936946,
            "literal_weights": [
              [
                0.004008178122951725,
                0.9437897613018236,
                0.0002265560739098316,
                0.0037766353371398702,
                0.0008567625206641401,
                0.046751433854354645,
                0.0005906727891562097
              ],
              [
                2.432907236035288e-07,
                0.24372317130858318,
                3.816944214361873e-05,
                0.741261599901179,
                0.007458996275370337,
                0.00025198655126044863,
                0.007265833230739842
              ],
              [
                1.0395932152322134e-05,
                0.8757269295368694,
                0.08113855892599547,
                0.021102802823230717,
                0.01116949697755801,
                0.00016103264108054181,
                0.010690783163113246
              ],
              [
                2.0796005437333238e-06,
                0.00013878353417170718,
                0.8813571920367418,
                0.00010912727231755941,
                0.04162594216899329,
                0.033812072361141296,
                0.04295480302609055
              ],
              [
                1.3805282928858286e-06,
                9.621374252197644e-06,
                1.4521659942795443e-05,
                0.0005417848414209403,
                0.10084849514770286,
                0.7957112293561794,
                0.10287296709220871
              ]
            ],
            "wrong_vertices": [
              26,
              30,
              40,
              50,
              54,
              56,
              58,
              60,
              62
            ],
            "orthant_initial_margin": null
          }
        },
        {
          "seed_index": 1,
          "positive_heads": 3,
          "best": {
            "positive_heads": 3,
            "orientations": [
              -1,
              -1,
              1,
              1,
              1
            ],
            "restart": 81,
            "accuracy": 57,
            "minimum_signed_smooth_score": -1.784154895965987,
            "literal_weights": [
              [
                4.425946251195289e-06,
                0.7214601689716035,
                7.818990073129542e-05,
                0.028033963574409657,
                0.2445847097473973,
                9.64532239051256e-05,
                0.005742088635701921
              ],
              [
                8.193938755547024e-09,
                0.14510767386421497,
                0.7226737560976509,
                5.338708977579385e-06,
                0.13203322280386107,
                4.729734067849749e-05,
                0.00013270299067827293
              ],
              [
                5.022741427160192e-06,
                0.036753452682344694,
                2.7587402644953e-05,
                0.3107524205444651,
                0.00035432801931005735,
                0.33524373392409795,
                0.31686345468571003
              ],
              [
                8.92759169136831e-05,
                0.564965737539935,
                0.16598290711084057,
                0.02285583481539647,
                0.1895771396282802,
                0.026890284319346997,
                0.029638820669287174
              ],
              [
                6.86163036263325e-07,
                5.382047369582297e-06,
                7.549143757464309e-06,
                0.3214313231339133,
                0.000955961407083545,
                0.36091504084912096,
                0.31668405725571896
              ]
            ],
            "wrong_vertices": [
              49,
              52,
              53,
              54,
              55,
              60,
              62
            ],
            "orthant_initial_margin": null
          }
        },
        {
          "seed_index": 1,
          "positive_heads": 1,
          "best": {
            "positive_heads": 1,
            "orientations": [
              -1,
              -1,
              -1,
              -1,
              1
            ],
            "restart": 69,
            "accuracy": 56,
            "minimum_signed_smooth_score": -1.768029189722705,
            "literal_weights": [
              [
                2.73630478761105e-05,
                2.801793846104015e-05,
                0.00011002156239131694,
                0.30303049126042814,
                0.22770552065640942,
                0.23773617388005114,
                0.23136241165438287
              ],
              [
                5.29554001289274e-06,
                0.4616705879451177,
                0.454748343311257,
                0.044737231166733074,
                0.017156877736516415,
                0.011702059616101058,
                0.009979604684261852
              ],
              [
                0.0003029407385385374,
                0.5121637824275994,
                0.48568520092181044,
                0.0013189434296590496,
                0.0002623990638841808,
                0.00014272558969959323,
                0.00012400782880880127
              ],
              [
                3.1897782911083524e-07,
                0.0248788414172577,
                1.9968693327371053e-05,
                0.2964542463154769,
                0.22519510577536364,
                0.2197812736664239,
                0.23367024515432133
              ],
              [
                0.9953797358487833,
                0.0010942290673279602,
                0.001112386561353754,
                8.694465251001907e-05,
                0.001495233667625102,
                0.000354424024643862,
                0.000477046177756006
              ]
            ],
            "wrong_vertices": [
              0,
              1,
              2,
              4,
              5,
              6,
              16,
              18
            ],
            "orthant_initial_margin": null
          }
        },
        {
          "seed_index": 1,
          "positive_heads": 4,
          "best": {
            "positive_heads": 4,
            "orientations": [
              -1,
              1,
              1,
              1,
              1
            ],
            "restart": 47,
            "accuracy": 48,
            "minimum_signed_smooth_score": -0.7372366195060573,
            "literal_weights": [
              [
                0.9963264265156594,
                0.0011051880420668257,
                0.0002218124778253698,
                0.00022135799526941616,
                0.0011841853489661391,
                0.0006415324803799359,
                0.0002994971398326435
              ],
              [
                0.04428498384107223,
                0.0047454554834952915,
                0.000980597525839235,
                0.003020928541560854,
                0.9071167853317458,
                0.029972437424712985,
                0.009878811851573745
              ],
              [
                7.210884282045371e-06,
                0.03295105095808803,
                0.030024033934568452,
                6.213251954605277e-05,
                0.9364794339976482,
                6.208381110314082e-05,
                0.00041405389476414423
              ],
              [
                0.00012814213958378058,
                0.02418941792704117,
                0.02196008628374103,
                1.0392017609971124e-05,
                0.9534399312517436,
                3.684614602325183e-05,
                0.00023518423425731284
              ],
              [
                6.19099402480368e-06,
                9.064440885308916e-06,
                1.9296993807965683e-05,
                0.018254106576932636,
                0.9058823439533965,
                0.01997819935042918,
                0.05585079769052364
              ]
            ],
            "wrong_vertices": [
              9,
              10,
              11,
              12,
              24,
              25,
              26,
              31,
              40,
              45,
              46,
              47,
              59,
              60,
              61,
              62
            ],
            "orthant_initial_margin": null
          }
        },
        {
          "seed_index": 1,
          "positive_heads": 0,
          "best": {
            "positive_heads": 0,
            "orientations": [
              -1,
              -1,
              -1,
              -1,
              -1
            ],
            "restart": 10,
            "accuracy": 54,
            "minimum_signed_smooth_score": -0.46073995391240974,
            "literal_weights": [
              [
                8.182617187539223e-05,
                0.09790457630152632,
                9.25358724487824e-05,
                2.8958880562619413e-05,
                0.006351609287394709,
                0.8194891590411415,
                0.07605133444505051
              ],
              [
                6.201212933040583e-05,
                0.03237024387195422,
                0.966024762833857,
                0.0002857461438573446,
                0.0002516157205733872,
                3.160985057871821e-05,
                0.0009740094498491653
              ],
              [
                2.9666522349913188e-05,
                0.006843308377276646,
                0.8762674303790453,
                0.01207522614230444,
                0.10472390347119179,
                3.218933536012956e-05,
                2.8275772471729834e-05
              ],
              [
                9.675737153407966e-06,
                9.68224568064093e-06,
                0.0001118158042209796,
                0.07244122056020998,
                0.0032797926468839888,
                0.8810349128410895,
                0.04311290016476149
              ],
              [
                1.5724992354524914e-06,
                1.9372664600957875e-05,
                0.9824603676502357,
                0.008530883794715215,
                1.1469753379617123e-06,
                0.004738105480600227,
                0.004248550935274539
              ]
            ],
            "wrong_vertices": [
              4,
              9,
              16,
              17,
              21,
              24,
              32,
              37,
              40,
              45
            ],
            "orthant_initial_margin": 0.005860310731012171
          }
        },
        {
          "seed_index": 1,
          "positive_heads": 5,
          "best": {
            "positive_heads": 5,
            "orientations": [
              1,
              1,
              1,
              1,
              1
            ],
            "restart": 36,
            "accuracy": 58,
            "minimum_signed_smooth_score": -3.7190865353367073,
            "literal_weights": [
              [
                2.9865244996731593e-06,
                0.8090126701523315,
                0.07008815269269812,
                0.030448971142932293,
                0.03538296106574842,
                0.05503478084668323,
                2.9477575106982317e-05
              ],
              [
                1.3267592370514764e-05,
                0.2944152999749426,
                2.5982466087183263e-05,
                0.20929269834575107,
                0.22800799831938734,
                0.2682119950526518,
                3.275824880953091e-05
              ],
              [
                0.07909443118183587,
                0.25294750054086157,
                0.6003648922253443,
                1.594701070344899e-05,
                0.00043377261759550205,
                0.0671401626779563,
                3.2937457031634657e-06
              ],
              [
                1.8106505211312226e-06,
                2.190938236296754e-05,
                5.674710554286519e-06,
                0.25535224869179096,
                0.2684676497556299,
                0.2989713781901483,
                0.17717932861899235
              ],
              [
                0.004438716193252476,
                0.889163989803812,
                0.05639412452502357,
                0.011013162772732671,
                0.013451975935852171,
                0.025531218094366,
                6.81267496120765e-06
              ]
            ],
            "wrong_vertices": [
              28,
              29,
              30,
              61,
              62,
              63
            ],
            "orthant_initial_margin": null
          }
        },
        {
          "seed_index": 2,
          "positive_heads": 2,
          "best": {
            "positive_heads": 2,
            "orientations": [
              -1,
              -1,
              -1,
              1,
              1
            ],
            "restart": 16,
            "accuracy": 55,
            "minimum_signed_smooth_score": -1.3494334659718437,
            "literal_weights": [
              [
                0.009453837164950548,
                0.039940978658144194,
                0.18728122258113897,
                0.02814545322827887,
                0.7037925792344984,
                0.023029994165227635,
                0.008355934967761564
              ],
              [
                5.218070755804248e-05,
                0.04293454746825358,
                0.1317628055851483,
                0.03506223757408957,
                0.7453669446710651,
                0.030066768490631897,
                0.014754515503253395
              ],
              [
                2.999114348021243e-09,
                0.581219151116377,
                0.09618758472567183,
                0.15915914631515857,
                0.0003987979352796632,
                0.15836598892473572,
                0.0046693279836627
              ],
              [
                1.0313004589828027e-05,
                1.9956018958459744e-05,
                7.557909242756394e-06,
                0.34225110269735476,
                0.0018705037230007998,
                0.336112780360825,
                0.3197277862860283
              ],
              [
                4.17967814502383e-06,
                0.16166582193980575,
                0.0321209816888436,
                0.3106476145322547,
                4.702211565609837e-05,
                0.2385330318258502,
                0.25698134821944474
              ]
            ],
            "wrong_vertices": [
              4,
              17,
              20,
              36,
              37,
              45,
              48,
              49,
              52
            ],
            "orthant_initial_margin": 0.00011076510261036393
          }
        },
        {
          "seed_index": 2,
          "positive_heads": 3,
          "best": {
            "positive_heads": 3,
            "orientations": [
              -1,
              -1,
              1,
              1,
              1
            ],
            "restart": 81,
            "accuracy": 52,
            "minimum_signed_smooth_score": -1.8526738740413706,
            "literal_weights": [
              [
                6.301363635382144e-07,
                0.015347217438033644,
                0.9350392649029878,
                5.814154368374398e-05,
                0.049537952604747325,
                7.039401432044173e-06,
                9.753972751994262e-06
              ],
              [
                4.754928052216746e-06,
                0.14314655409969304,
                0.34385582303524437,
                0.3736696837612942,
                0.13681234322824415,
                0.001085528201520546,
                0.001425312745951463
              ],
              [
                2.9950915125012013e-06,
                0.004081300801071974,
                0.0015203822541283605,
                0.00019851287785154628,
                6.249773978820782e-05,
                0.5012085854009033,
                0.4929257258347441
              ],
              [
                9.405427307150684e-06,
                3.0920058180082716e-06,
                6.747191087493187e-06,
                0.013452772706614656,
                6.858183724444172e-05,
                0.4987460211018647,
                0.4877133797300634
              ],
              [
                4.154484202865621e-07,
                0.0009800336234163966,
                0.0031428181844999482,
                5.636829955813277e-06,
                0.013053922757089467,
                0.4984670356392439,
                0.48435013751737427
              ]
            ],
            "wrong_vertices": [
              16,
              18,
              20,
              32,
              34,
              36,
              50,
              53,
              54,
              57,
              60,
              61
            ],
            "orthant_initial_margin": null
          }
        },
        {
          "seed_index": 2,
          "positive_heads": 1,
          "best": {
            "positive_heads": 1,
            "orientations": [
              -1,
              -1,
              -1,
              -1,
              1
            ],
            "restart": 69,
            "accuracy": 50,
            "minimum_signed_smooth_score": -2.374415306003801,
            "literal_weights": [
              [
                0.01203345066403528,
                0.028640449180549917,
                0.02981211279785314,
                0.0038989427658627455,
                0.06444238073199422,
                0.7782718824281548,
                0.08290078143155011
              ],
              [
                0.0536285252520205,
                0.0063695212140820615,
                0.029519869481286903,
                0.04419602104834579,
                0.07541001320204312,
                0.7905142379281809,
                0.00036181187404090977
              ],
              [
                7.370968258617693e-05,
                0.025493429768972817,
                0.026865658791794953,
                0.011696897839011268,
                0.0707456404319159,
                0.8646641259294086,
                0.00046053755631038286
              ],
              [
                3.490328531155024e-06,
                0.017854578426240476,
                0.020383357652576935,
                0.04890104479600503,
                0.00039959890601948934,
                0.9114368894890954,
                0.0010210404015315675
              ],
              [
                2.547897638861247e-05,
                1.3231288360018493e-05,
                3.8130295397550146e-05,
                0.012841176378764611,
                0.0030643100122747183,
                0.10501024938575847,
                0.8790074236630562
              ]
            ],
            "wrong_vertices": [
              4,
              8,
              15,
              16,
              33,
              34,
              37,
              38,
              41,
              42,
              44,
              47,
              48,
              52
            ],
            "orthant_initial_margin": null
          }
        },
        {
          "seed_index": 2,
          "positive_heads": 4,
          "best": {
            "positive_heads": 4,
            "orientations": [
              -1,
              1,
              1,
              1,
              1
            ],
            "restart": 82,
            "accuracy": 50,
            "minimum_signed_smooth_score": -1.7354649723588373,
            "literal_weights": [
              [
                0.9968835316171073,
                3.6861735234650795e-05,
                0.0009225125064519329,
                4.774973980284194e-05,
                0.001980136803165098,
                8.173891074537618e-05,
                4.746868749257808e-05
              ],
              [
                4.5990715834043386e-05,
                0.9702813349917324,
                0.01025781173697097,
                0.00930728025079879,
                3.211394780669834e-05,
                0.0007207902242397232,
                0.009354678132617526
              ],
              [
                9.80613299409794e-05,
                0.9930034908765719,
                0.0026307388852093976,
                0.0020847111567959264,
                1.4264186556658025e-05,
                7.252091994366139e-05,
                0.0020962126449813588
              ],
              [
                2.8693526296209814e-05,
                0.0006060059969123853,
                0.0001270986924165876,
                0.2961197826049252,
                0.1940121475434366,
                0.21272857550819077,
                0.2963776961278223
              ],
              [
                0.0005849338068322891,
                0.25588261409495666,
                0.0005259111581395158,
                0.24538881311670674,
                0.11225543871724553,
                0.1372139305546368,
                0.2481483585514825
              ]
            ],
            "wrong_vertices": [
              29,
              31,
              39,
              44,
              46,
              47,
              52,
              53,
              54,
              57,
              59,
              60,
              61,
              62
            ],
            "orthant_initial_margin": null
          }
        },
        {
          "seed_index": 2,
          "positive_heads": 0,
          "best": {
            "positive_heads": 0,
            "orientations": [
              -1,
              -1,
              -1,
              -1,
              -1
            ],
            "restart": 18,
            "accuracy": 54,
            "minimum_signed_smooth_score": -0.9941063554696573,
            "literal_weights": [
              [
                4.723822134587178e-06,
                0.9963077150502244,
                2.9927529805169693e-06,
                0.0008410776409560932,
                0.000761983724378751,
                0.0018933296855441876,
                0.00018817732378136227
              ],
              [
                1.5229258498739491e-05,
                0.0002718039725914172,
                0.008404032776536934,
                0.8926870760035696,
                0.09177041796148185,
                0.0068352079885059,
                1.6232038815734396e-05
              ],
              [
                1.9165499243524417e-05,
                0.0002127216382542916,
                0.006921812406960612,
                0.00010314012895110085,
                0.07538278084450739,
                0.005631447738599293,
                0.9117289317434837
              ],
              [
                9.235268919358272e-05,
                0.9951185885311955,
                3.472784830578441e-05,
                0.00039631773999633584,
                2.3622866774348343e-05,
                0.0025187403147930217,
                0.001815650009741578
              ],
              [
                1.7279868129523707e-05,
                0.9591911012459574,
                8.257375447451496e-05,
                6.886855966950182e-05,
                5.142406956834407e-05,
                0.0020021276886191897,
                0.03858662481358146
              ]
            ],
            "wrong_vertices": [
              4,
              8,
              12,
              18,
              26,
              32,
              34,
              40,
              48,
              54
            ],
            "orthant_initial_margin": 0.005895905553420615
          }
        },
        {
          "seed_index": 2,
          "positive_heads": 5,
          "best": {
            "positive_heads": 5,
            "orientations": [
              1,
              1,
              1,
              1,
              1
            ],
            "restart": 75,
            "accuracy": 57,
            "minimum_signed_smooth_score": -1.9574778999276963,
            "literal_weights": [
              [
                0.0003481089087995933,
                0.9934092946146162,
                1.175052507479913e-05,
                0.003135680539419494,
                2.27917787141178e-05,
                2.9640015072053148e-05,
                0.003042733618303817
              ],
              [
                4.446499166767553e-05,
                6.093525071814233e-05,
                0.0007770848521572032,
                0.007740053329737572,
                8.551239661066552e-05,
                0.9837730586542792,
                0.00751889052482961
              ],
              [
                1.8507693772262445e-05,
                2.0467936070000666e-05,
                0.000425508643644693,
                0.006556398151859963,
                0.986293350499131,
                0.0003181246723326037,
                0.006367642403189422
              ],
              [
                1.1512970984354816e-05,
                0.004339605197143925,
                0.95127294614598,
                0.022637532281192165,
                1.1971635153910162e-05,
                3.0138016882734548e-05,
                0.021696293752662882
              ],
              [
                0.00010303925597251051,
                0.029717728811635164,
