{
  "status": "Every reported H5 success and fixed-tuple obstruction is exact. Continuous and random search failures are not a global H5 lower bound.",
  "parameters": {
    "continuous_seeds": 2,
    "restarts_per_orientation_type": 64,
    "max_iterations": 1200,
    "random_fixed_trials": 20000,
    "seed": 65320260714,
    "fixed_lp_tested_for_every_continuous_restart": true,
    "exact_fixed_obstructions": false,
    "orientation_types_up_to_head_permutation": [
      2,
      3,
      1,
      4,
      0,
      5
    ]
  },
  "known_certificate_self_check": {
    "endpoint_margin": 11464,
    "adjacent_margin": 13400
  },
  "candidates": {
    "0x03": {
      "flip_weight": 2,
      "threshold_degree": 5,
      "continuous_attempts": [
        {
          "seed_index": 0,
          "positive_heads": 2,
          "best": {
            "positive_heads": 2,
            "orientations": [
              -1,
              -1,
              -1,
              1,
              1
            ],
            "restart": 41,
            "accuracy": 52,
            "minimum_signed_smooth_score": -0.9792932267043817,
            "literal_weights": [
              [
                0.002176112190831163,
                0.00150071613229026,
                0.6090119277989718,
                0.02669297160577302,
                0.01881456705294564,
                0.33669652159565205,
                0.005107183623535938
              ],
              [
                9.257239980700871e-05,
                0.19258624426135276,
                0.6842331494668676,
                0.00011368709853004766,
                0.0061614972916112605,
                0.11033856709970596,
                0.0064742823821254325
              ],
              [
                1.2934520690741227e-05,
                2.5354088649617782e-05,
                0.622982216350656,
                0.004242079239272786,
                0.016435650132331312,
                0.33759823927811805,
                0.01870352639028163
              ],
              [
                5.488476099942597e-06,
                0.3190753402772091,
                0.3003313083241248,
                0.2102301277007128,
                0.0017426358973626228,
                7.891150260495603e-05,
                0.16853618782188592
              ],
              [
                4.520057149449104e-06,
                9.574947289118383e-06,
                1.307628176213978e-05,
                0.34904907540505997,
                0.34842502110736656,
                0.0003471347811325962,
                0.30215159742024017
              ]
            ],
            "wrong_vertices": [
              4,
              5,
              13,
              29,
              32,
              36,
              37,
              38,
              41,
              46,
              57,
              61
            ]
          }
        },
        {
          "seed_index": 0,
          "positive_heads": 3,
          "best": {
            "positive_heads": 3,
            "orientations": [
              -1,
              -1,
              1,
              1,
              1
            ],
            "restart": 17,
            "accuracy": 51,
            "minimum_signed_smooth_score": -0.9231229276898412,
            "literal_weights": [
              [
                7.190098453606811e-06,
                0.018184465534895417,
                0.0001704324731664803,
                0.9412549193422319,
                0.0008427736003505971,
                0.016202985623511135,
                0.023337233327390853
              ],
              [
                6.326426464533501e-06,
                0.011534576576442686,
                0.946414593605355,
                0.017010510192216693,
                4.5931222440063976e-06,
                0.010249429303633546,
                0.014779970773643564
              ],
              [
                0.02560018530047642,
                0.0002911061592106271,
                0.0009975647348469882,
                0.001450197672655509,
                0.9694954483490021,
                0.0020011438713157664,
                0.00016435391249251005
              ],
              [
                5.655978219986618e-06,
                0.022284226679714615,
                0.00016680582751030617,
                0.0011325770097581347,
                0.8981566782893735,
                0.01796598874312933,
                0.060288067472294225
              ],
              [
                5.776753853739693e-05,
                0.010014739026127399,
                2.661744003905797e-05,
                0.10757988477917602,
                0.8721758323519946,
                0.010129011599446644,
                1.614726467885174e-05
              ]
            ],
            "wrong_vertices": [
              9,
              11,
              12,
              13,
              14,
              24,
              26,
              28,
              40,
              41,
              42,
              44,
              56
            ]
          }
        },
        {
          "seed_index": 0,
          "positive_heads": 1,
          "best": {
            "positive_heads": 1,
            "orientations": [
              -1,
              -1,
              -1,
              -1,
              1
            ],
            "restart": 46,
            "accuracy": 50,
            "minimum_signed_smooth_score": -2.1578024110419856,
            "literal_weights": [
              [
                0.0003982899036567099,
                0.03995622994265216,
                0.02615907797263487,
                0.048010852548644636,
                0.4593825128621442,
                0.30730108542410484,
                0.11879195134616258
              ],
              [
                2.225381690248822e-05,
                0.6291342023331035,
                0.08973989139990468,
                0.19564532241114846,
                0.08484974151741176,
                0.0002712347769241826,
                0.0003373537446051359
              ],
              [
                2.057577386355402e-05,
                0.25048607175314147,
                0.2671066571831787,
                0.18340901735727322,
                0.00037229366766309326,
                0.2972071905115079,
                0.0013981937533720527
              ],
              [
                0.005982634566139131,
                0.012724715609834472,
                0.007650922951585475,
                0.021492317174390596,
                0.9078424556156214,
                0.004091933585023766,
                0.04021502049740519
              ],
              [
                3.1632491508567134e-05,
                0.004178758774047881,
                0.028726327329061087,
                0.00015413255096178362,
                0.14368973310519295,
                0.7935383179317206,
                0.0296810978175072
              ]
            ],
            "wrong_vertices": [
              6,
              8,
              9,
              10,
              17,
              21,
              24,
              32,
              33,
              38,
              40,
              50,
              52,
              54
            ]
          }
        },
        {
          "seed_index": 0,
          "positive_heads": 4,
          "best": {
            "positive_heads": 4,
            "orientations": [
              -1,
              1,
              1,
              1,
              1
            ],
            "restart": 1,
            "accuracy": 50,
            "minimum_signed_smooth_score": -0.1500712823445176,
            "literal_weights": [
              [
                0.00015370082871239975,
                0.16770071429453398,
                0.00038349305300411466,
                0.20673334706939459,
                0.2483931563988788,
                0.16115820266387196,
                0.21547738569160424
              ],
              [
                1.2920995168045028e-05,
                0.0026250209047034333,
                0.0014217864853020516,
                9.088612961766406e-08,
                0.0071789635098127354,
                0.000262071705982,
                0.9884991455129021
              ],
              [
                7.236892726559898e-05,
                5.086449733951084e-05,
                8.547905121476214e-09,
                0.004540432895761811,
                0.00013107732730630845,
                0.003999261526306325,
                0.9912059862781152
              ],
              [
                2.874073786482871e-06,
                0.006800620872993497,
                0.005506510245873628,
                3.604164067514315e-05,
                0.00047745343993766895,
                2.9709412673585017e-06,
                0.9871735287854663
              ],
              [
                3.98872738558404e-06,
                0.007136370808722646,
                0.005055167427416498,
                0.0006527283584639617,
                1.5964614684850957e-05,
                0.00042905119067494345,
                0.9867067288726514
              ]
            ],
            "wrong_vertices": [
              32,
              34,
              37,
              39,
              41,
              43,
              44,
              46,
              49,
              51,
              52,
              54,
              56,
              58
            ]
          }
        },
        {
          "seed_index": 0,
          "positive_heads": 0,
          "best": {
            "positive_heads": 0,
            "orientations": [
              -1,
              -1,
              -1,
              -1,
              -1
            ],
            "restart": 17,
            "accuracy": 51,
            "minimum_signed_smooth_score": -0.9712423619116572,
            "literal_weights": [
              [
                1.4809261803352784e-05,
                0.00016000658712089763,
                0.00032613916183851696,
                2.1368534679398002e-05,
                0.9621772762819949,
                0.019218651965467435,
                0.018081748207095488
              ],
              [
                0.0004050876080071406,
                0.11649477902720748,
                0.039350660438592,
                0.051885836761256826,
                0.7912215637319386,
                0.00035972944197467055,
                0.00028234299102326745
              ],
              [
                0.0001604933198039216,
                0.00161485352550573,
                0.044732128586607994,
                0.26598126123287835,
                0.6682282038778731,
                4.800853485780442e-07,
                0.019282579371982283
              ],
              [
                1.062144280319786e-06,
                0.0003324923094615746,
                0.057701158621062634,
                0.023835461195576033,
                0.9152028468792412,
                0.0029011870591585352,
                2.5791791219487675e-05
              ],
              [
                0.0010281555118288948,
                3.013231489501988e-05,
                0.00011093153985394428,
                3.9090929245572315e-05,
                0.9223720320009638,
                0.04478919566637496,
                0.031630462036837954
              ]
            ],
            "wrong_vertices": [
              0,
              4,
              5,
              18,
              22,
              23,
              33,
              34,
              38,
              39,
              49,
              50,
              52
            ]
          }
        },
        {
          "seed_index": 0,
          "positive_heads": 5,
          "best": {
            "positive_heads": 5,
            "orientations": [
              1,
              1,
              1,
              1,
              1
            ],
            "restart": 59,
            "accuracy": 52,
            "minimum_signed_smooth_score": -1.4587720806957343,
            "literal_weights": [
              [
                0.00011253334090171844,
                3.138898082065807e-05,
                1.5952004611999848e-05,
                0.36783961065247084,
                0.21879891860912273,
                0.21002769204453064,
                0.20317390436754157
              ],
              [
                6.263222523141017e-08,
                0.16706347823969941,
                0.000439344652876489,
                0.3451121679176427,
                0.17079247156089494,
                0.16076250985167975,
                0.15582996514498154
              ],
              [
                0.07820053992121044,
                0.6470452829486346,
                0.11574993538305747,
                0.1467539867864012,
                0.012186994733653976,
                1.4537105017333086e-05,
                4.872312202503351e-05
              ],
              [
                0.9998208094353885,
                2.0266091831696503e-06,
                2.3004805320937125e-05,
                0.0001286658347499206,
                4.863355136849242e-06,
                1.9183327672543635e-05,
                1.4466325477134748e-06
              ],
              [
                0.18794824401239346,
                0.5560851917021195,
                0.0008148402182328828,
                0.252997743809627,
                0.0009521284496067593,
                0.000628276723881373,
                0.0005735750841389447
              ]
            ],
            "wrong_vertices": [
              28,
              30,
              44,
              45,
              46,
              53,
              54,
              57,
              59,
              60,
              61,
              62
            ]
          }
        },
        {
          "seed_index": 1,
          "positive_heads": 2,
          "best": {
            "positive_heads": 2,
            "orientations": [
              -1,
              -1,
              -1,
              1,
              1
            ],
            "restart": 0,
            "accuracy": 53,
            "minimum_signed_smooth_score": -2.357109328677506,
            "literal_weights": [
              [
                0.0001563928549693638,
                0.1777162228365971,
                0.2084939770542261,
                0.04402472046178675,
                0.42876373311590976,
                0.07817588100780021,
                0.06266907266871086
              ],
              [
                1.0539488777147988e-06,
                0.35838887595954455,
                0.35959792688882564,
                0.00797776390594792,
                0.2674000161039323,
                0.00013803762718651099,
                0.006496325565685421
              ],
              [
                0.023306399574935206,
                0.05746212924366299,
                0.08142106333132837,
                0.0006318122224143805,
                0.8327115932725684,
                0.00048125454002963757,
                0.003985747815061155
              ],
              [
                4.5043497170681755e-05,
                0.5323091133090658,
                0.14483231167014285,
                0.10271379272212756,
                3.752659286907519e-05,
                0.11456469020135045,
                0.10549752200727364
              ],
              [
                8.36016485643621e-05,
                9.263171971738011e-05,
                0.00015584390209191876,
                0.3090489261232888,
                0.008265425248064923,
                0.3778444270638656,
                0.30450914429440695
              ]
            ],
            "wrong_vertices": [
              17,
              21,
              22,
              37,
              38,
              49,
              50,
              52,
              53,
              54,
              60
            ]
          }
        },
        {
          "seed_index": 1,
          "positive_heads": 3,
          "best": {
            "positive_heads": 3,
            "orientations": [
              -1,
              -1,
              1,
              1,
              1
            ],
            "restart": 35,
            "accuracy": 56,
            "minimum_signed_smooth_score": -1.9345258183109895,
            "literal_weights": [
              [
                9.599511425298116e-06,
                0.14718370130289538,
                0.816426324361745,
                0.00015393433987222533,
                0.017489397076911606,
                0.0029649294749000315,
                0.015772113932250486
              ],
              [
                9.084822265532816e-06,
                0.8836126320485935,
                0.0002762014228869539,
                0.11608562773604,
                2.8537555287447323e-06,
                2.843107210050226e-06,
                1.0757107474982216e-05
              ],
              [
                3.877757586817661e-06,
                6.995066941071908e-06,
                0.9596624165110741,
                1.6333863246380943e-07,
                0.013469450980144076,
                0.014757597704605755,
                0.012099498641015755
              ],
              [
                2.1541661893331796e-05,
                0.01216330216631242,
                0.913233556508101,
                0.02654215678164899,
                0.01603689724452202,
                0.01758221993387101,
                0.014420325703651423
              ],
              [
                1.592556328118457e-05,
                1.3390741113801645e-05,
                6.922286462009638e-05,
                0.0018000315918646197,
                0.30088333271808065,
                0.3319191363273695,
                0.3652989601936701
              ]
            ],
            "wrong_vertices": [
              26,
              30,
              42,
              54,
              56,
              58,
              60,
              62
            ]
          }
        },
        {
          "seed_index": 1,
          "positive_heads": 1,
          "best": {
            "positive_heads": 1,
            "orientations": [
              -1,
              -1,
              -1,
              -1,
              1
            ],
            "restart": 40,
            "accuracy": 50,
            "minimum_signed_smooth_score": -1.5674065902743823,
            "literal_weights": [
              [
                9.70012927894106e-07,
                0.23752682037121645,
                0.24296178387359119,
                0.0030835804257353275,
                0.26113636524642236,
                0.25200474494248554,
                0.0032857351276213325
              ],
              [
                0.7669693026961919,
                0.0032595389683380254,
                0.018907022197961833,
                0.18455824597716522,
                0.0001591200051929937,
                0.025786310780092102,
                0.00036045937505774456
              ],
              [
                0.00030190712088018056,
                0.13224372423843636,
                0.15539977257559018,
                0.18392250874650648,
                0.1712238470822677,
                0.17724537974532367,
                0.1796628604909955
              ],
              [
                0.006570394374166647,
                0.24587686982370463,
                0.23866731014042417,
                0.00018015709310068394,
                0.2533684665369156,
                0.2550973953500653,
                0.00023940668162295104
              ],
              [
                8.055070737921654e-05,
                0.00014723528030965711,
                9.348850921124768e-05,
                0.3505984089690205,
                0.03515712631873337,
                0.01299355696976104,
                0.6009296332455849
              ]
            ],
            "wrong_vertices": [
              6,
              8,
              12,
              16,
              20,
              24,
              33,
              34,
              37,
              38,
              40,
              44,
              48,
              52
            ]
          }
        },
        {
          "seed_index": 1,
          "positive_heads": 4,
          "best": {
            "positive_heads": 4,
            "orientations": [
              -1,
              1,
              1,
              1,
              1
            ],
            "restart": 29,
            "accuracy": 54,
            "minimum_signed_smooth_score": -2.3519519291191147,
            "literal_weights": [
              [
                4.898978951917516e-05,
                0.1169284127114551,
                0.2826354932584673,
                0.0003117093018192198,
                0.5863620855229881,
                0.013274573601744276,
                0.00043873581400683643
              ],
              [
                0.00485637562372759,
                0.9071130070232264,
                0.00015215559519186157,
                0.03568640868027205,
                0.00010066169077225002,
                0.0184078402162056,
                0.033683551170604266
              ],
              [
                5.371610707441778e-06,
                0.0014785074147204678,
                0.5032035734862537,
                0.21212607324141095,
                6.387606813469455e-05,
                0.0879718603957171,
                0.19515073778305572
              ],
              [
                0.00027973192914874896,
                0.0008012053575199871,
                0.02101147153709204,
                0.44454874483966306,
                0.034360548945066204,
                0.11118617153974136,
                0.38781212585176855
              ],
              [
                0.00027827328556148206,
                0.6329749609834922,
                0.004592804859328186,
                0.1149320176530118,
                0.06078956303347006,
                0.07646558172819258,
                0.10996679845694379
              ]
            ],
            "wrong_vertices": [
              22,
              39,
              47,
              50,
              53,
              54,
              55,
              60,
              61,
              62
            ]
          }
        },
        {
          "seed_index": 1,
          "positive_heads": 0,
          "best": {
            "positive_heads": 0,
            "orientations": [
              -1,
              -1,
              -1,
              -1,
              -1
            ],
            "restart": 26,
            "accuracy": 51,
            "minimum_signed_smooth_score": -0.014877851569148781,
            "literal_weights": [
              [
                1.4580702029114948e-09,
                0.9858246812784789,
                1.1763693164159618e-05,
                0.00013474569725645632,
                0.0036895128174095648,
                1.5047662908327552e-06,
                0.01033779028932971
              ],
              [
                0.0010227809525513935,
                0.9986091096655252,
                0.00020122478812739956,
                5.352753638222253e-05,
                8.02140039185518e-05,
                4.832422626857007e-06,
                2.8310630868474978e-05
              ],
              [
                8.261910944852882e-05,
                0.9965934498286988,
                4.416405925586334e-06,
                0.0012112640498924924,
                6.730674169687783e-05,
                0.0019118631431672799,
                0.00012908072117031797
              ],
              [
                1.0684665024988656e-06,
                0.9975707814826011,
                0.00011635720949323833,
                0.0007722918837376977,
                0.00021900946544919613,
                0.001048151038495098,
                0.0002723404537209509
              ],
              [
                0.0007571124951839084,
                0.9982694809205369,
                0.00041304795528765474,
                1.3907735867055535e-05,
                0.00022994069884047275,
                1.7573226203657763e-05,
                0.00029893696808041816
              ]
            ],
            "wrong_vertices": [
              6,
              8,
              14,
              18,
              20,
              26,
              32,
              38,
              40,
              46,
              50,
              56,
              60
            ]
          }
        },
        {
          "seed_index": 1,
          "positive_heads": 5,
          "best": {
            "positive_heads": 5,
            "orientations": [
              1,
              1,
              1,
              1,
              1
            ],
            "restart": 17,
            "accuracy": 49,
            "minimum_signed_smooth_score": -1.0579515688040289,
            "literal_weights": [
              [
                6.169414104509717e-05,
                0.6359921248359809,
                0.351383796457847,
                0.0009374794088131788,
                0.006367878808777723,
                5.649998839026846e-05,
                0.005200526359145945
              ],
              [
                0.00016391506901328897,
                2.3731195400464106e-05,
                7.773537061416894e-05,
                0.011285238849459112,
                0.35442922035553864,
                0.001583026369946439,
                0.6324371327900279
              ],
              [
                1.6529715255046184e-05,
                0.0005527561707080359,
                0.0011077166350445,
                0.009214066536735495,
                0.34822979760971023,
                1.1134140830998956e-05,
                0.6408679991917156
              ],
              [
                0.011011787046459748,
                0.37366931017495664,
                0.2366257257410744,
                0.002493717252516593,
                0.0076358023480047775,
                0.36786540904826637,
                0.0006982483887215127
              ],
              [
                3.1365053484700625e-05,
                0.6134818020190058,
                0.36920086699629384,
                0.00011982023896671716,
                0.008988078335296714,
                0.0014540505732251142,
                0.006724016783727122
              ]
            ],
            "wrong_vertices": [
              11,
              15,
              27,
              31,
              39,
              41,
              42,
              45,
              46,
              55,
              57,
              58,
              59,
              61,
              62
            ]
          }
        }
      ],
      "five_head_certificate": null
    },
    "0x07": {
      "flip_weight": 3,
      "threshold_degree": 5,
      "continuous_attempts": [
        {
          "seed_index": 0,
          "positive_heads": 2,
          "best": {
            "positive_heads": 2,
            "orientations": [
              -1,
              -1,
              -1,
              1,
              1
            ],
            "restart": 58,
            "accuracy": 49,
            "minimum_signed_smooth_score": -1.1770310516138676,
            "literal_weights": [
              [
                6.874497176702932e-05,
                5.24288813034541e-05,
                0.020728985614870996,
                0.8969571108182618,
                0.01195660939604851,
                0.06903736108742291,
                0.0011987592303253202
              ],
              [
                3.653289712330459e-05,
                0.09750443541824019,
                0.519773549731245,
                0.3824755038655011,
                0.00016056840253914607,
                4.7765915543008276e-05,
                1.6437698081731697e-06
              ],
              [
                0.0004020782197872477,
                0.0231848330603468,
                9.058764179807944e-05,
                0.9430713093089562,
                0.00792853964894838,
                4.697988890961146e-07,
                0.025322182321274127
              ],
              [
                0.00010110840574828283,
                0.0003092466089385604,
                3.6431238734238335e-05,
                1.1006083698494527e-05,
                0.01809026104245222,
                0.15445186213439588,
                0.8270000844860325
              ],
              [
                1.3644995533890427e-05,
                0.7689944350252064,
                0.1717358804569314,
                0.003665213733898257,
                0.013965444785015336,
                0.04046218729584387,
                0.0011631937075710411
              ]
            ],
            "wrong_vertices": [
              11,
              17,
              19,
              20,
              24,
              27,
              28,
              35,
              41,
              42,
              43,
              49,
              50,
              56,
              58
            ]
          }
        },
        {
          "seed_index": 0,
          "positive_heads": 3,
          "best": {
            "positive_heads": 3,
            "orientations": [
              -1,
              -1,
              1,
              1,
              1
            ],
            "restart": 39,
            "accuracy": 49,
            "minimum_signed_smooth_score": -1.2533608662038418,
            "literal_weights": [
              [
                5.637457725668341e-06,
                0.22315949121996612,
                0.23114289685810585,
                0.226553587891407,
                0.3188446518155672,
                0.00027761810706081305,
                1.6116650167265444e-05
              ],
              [
                1.7597658979272446e-06,
                0.2411838405209314,
                0.2459611447948727,
                0.22786238206800982,
                0.2846465602101799,
                6.444337674038425e-06,
                0.0003378683024342755
              ],
              [
                1.57494045110156e-05,
                2.765763961266089e-05,
                2.0701410958483813e-05,
                6.050028464901372e-05,
                4.703745050995867e-06,
                0.9241575379794021,
                0.07571314953581558
              ],
              [
                4.7838034433752455e-08,
                5.774212942018765e-05,
                5.339926185517279e-05,
                0.00011419727817495371,
                5.218509747703666e-06,
                0.9162454178723641,
                0.08352397711040341
              ],
              [
                7.385456153603029e-06,
                3.913974924155028e-06,
                3.7451939256191527e-06,
                3.298442927502432e-06,
                0.014457005490488128,
                0.9221806721855458,
                0.06334397925603547
              ]
            ],
            "wrong_vertices": [
              17,
              18,
              20,
              24,
              32,
              33,
              34,
              36,
              49,
              50,
              52,
              53,
              56,
              57,
              58
            ]
          }
        },
        {
          "seed_index": 0,
          "positive_heads": 1,
          "best": {
            "positive_heads": 1,
            "orientations": [
              -1,
              -1,
              -1,
              -1,
              1
            ],
            "restart": 12,
            "accuracy": 50,
            "minimum_signed_smooth_score": -0.01564102571827075,
            "literal_weights": [
              [
                5.3913457017930295e-06,
                0.0001838250568360937,
                0.0010377556754632476,
                0.9987675954644335,
                3.6383168595850573e-06,
                4.781482008052474e-07,
                1.3159925049221467e-06
              ],
              [
                5.674065796175487e-07,
                4.184638287608197e-05,
                9.485866501607738e-07,
                0.9957896766477295,
                0.001513612133432521,
                0.0007738223662053256,
                0.001879526476526568
              ],
              [
                3.1831302811060786e-09,
                1.0376108330635537e-08,
                4.449258649894765e-07,
                0.9984455950630593,
                0.0005551752558530852,
                0.00043418994092600397,
                0.0005645812550580495
              ],
              [
                4.727807400370317e-09,
                2.372090145610591e-06,
                0.0008780881969062121,
                0.998484825207225,
                0.0002458785742921189,
                0.0001417837497942688,
                0.00024704745382929925
              ],
              [
                0.9925102186389809,
                0.007382783420672863,
                6.445756075594456e-07,
                9.806166867621078e-10,
                6.085412970613363e-06,
                8.539509548717294e-05,
                1.4871875663928792e-05
              ]
            ],
            "wrong_vertices": [
              0,
              10,
              11,
              16,
              17,
              19,
              26,
              34,
              35,
              41,
              50,
              56,
              57,
              58
            ]
          }
        },
        {
          "seed_index": 0,
          "positive_heads": 4,
          "best": {
            "positive_heads": 4,
            "orientations": [
              -1,
              1,
              1,
              1,
              1
            ],
            "restart": 38,
            "accuracy": 48,
            "minimum_signed_smooth_score": -0.7402705648918456,
            "literal_weights": [
              [
                0.00011310656274936443,
                0.0002772244998537532,
                0.12387549533463488,
                0.632348279675628,
                0.08655469547633238,
                0.09196553119393358,
                0.0648656672568681
              ],
              [
                0.028774045850933367,
                0.17608738784616823,
                0.00889625619666144,
                0.5850248596153368,
                0.0027410487058599957,
                0.0025965009111441934,
                0.19587990087389598
              ],
              [
                0.0008589345950392761,
                0.001320946426952218,
                0.0019172027710499346,
                0.8466805669881613,
                0.0225711377554389,
                0.02128899261216517,
                0.10536221885119312
              ],
              [
                0.00014445069256663798,
                0.00012307488326401453,
                7.908155699173692e-05,
                0.00038390795998747857,
                0.30835504645495,
                0.32240706351808546,
                0.36850737493415464
              ],
              [
                1.3081411747272857e-05,
                0.0009308025326780789,
                0.018238034735244477,
                0.889159472406066,
                0.013091116527196668,
                0.012555116473443803,
                0.0660123759136236
              ]
            ],
            "wrong_vertices": [
              28,
              29,
              30,
              31,
              38,
              42,
              44,
              45,
              49,
              50,
              52,
              53,
              56,
              57,
              58,
              59
            ]
          }
        },
        {
          "seed_index": 0,
          "positive_heads": 0,
          "best": {
            "positive_heads": 0,
            "orientations": [
              -1,
              -1,
              -1,
              -1,
              -1
            ],
            "restart": 41,
            "accuracy": 49,
            "minimum_signed_smooth_score": -0.0033268846421936615,
            "literal_weights": [
              [
                8.730393526111078e-10,
                0.9989381321985138,
                3.663294918373392e-05,
                6.000677092264988e-05,
                0.0007666755917127466,
                0.0001985344094941576,
                1.7207133568571914e-08
              ],
              [
                3.07592956266276e-10,
                0.9998329223078728,
                8.553775797994921e-05,
                8.153865069313634e-05,
                2.243899852357264e-10,
                7.452329073888454e-11,
                6.769480851357037e-10
              ],
              [
                2.580064151325499e-11,
                0.9996796183459615,
                0.00011346201628111641,
                0.00011951734336119617,
                5.8223463980323795e-05,
                2.0898374828743077e-08,
                2.9157906240419007e-05
              ],
              [
                5.115285061821248e-10,
                0.991671698189192,
                1.294120272240973e-07,
                1.1318606212973231e-07,
                5.121418025379286e-07,
                0.006065101258786567,
                0.002262445300601142
              ],
              [
                4.1575243346969214e-08,
                0.9976816342143779,
                2.20725804925398e-06,
                1.9161952156182604e-06,
                2.8431385327271627e-07,
                0.0020200624660327566,
                0.0002938539772277416
              ]
            ],
            "wrong_vertices": [
              0,
              2,
              8,
              14,
              18,
              24,
              30,
              34,
              36,
              40,
              46,
              50,
              52,
              56,
              58
            ]
          }
        },
        {
          "seed_index": 0,
          "positive_heads": 5,
          "best": {
            "positive_heads": 5,
            "orientations": [
              1,
              1,
              1,
              1,
              1
            ],
            "restart": 16,
            "accuracy": 57,
            "minimum_signed_smooth_score": -1.3711493291763635,
            "literal_weights": [
              [
                1.7081039247167177e-05,
                0.2872941144765043,
                0.3316140774552675,
                0.3565720472334133,
                1.1797715342912495e-05,
                0.0002534667243617985,
                0.024237415355862855
              ],
              [
                3.080400169177728e-06,
                0.29907935583154116,
                0.3383286118598337,
                0.3619454419385969,
                0.0006312845751177382,
                3.559132897579364e-06,
                8.666261843685468e-06
              ],
              [
                5.325879881836536e-05,
                4.331632605997399e-05,
                9.591109041184195e-05,
                7.210128040738802e-05,
                0.13748243117634124,
                0.4347192945187228,
                0.4275336868092385
              ],
              [
                6.621467118096402e-07,
                0.2054158155971108,
                0.2367575748483033,
